(
cycg007566:0.53179,
cycg007565:0.39504,
cycg002521:0.39983);
