(
ORF60:0.43192,
ORF61:0.45306,
ORF57:0.46872);
